image: deutche_museuem.pgm
resolution: 0.050000
origin: [-121.158203, -77.065515, 0.000000]
negate: 0
occupied_thresh: 0.65
free_thresh: 0.196

